          X       X       X
         5  0   10  6   15 11
        5    0 10    6 15   11
       X      X       X       X
       4       1       7      12
       4       1       7      12
       X       X       X       X
     20  3    2  9    8 14   13 27
    20    3  2    9  8   14 13   27
    X       X       X       X       X
   19      16      21      24      28
   19      16      21      24      28
    X       X       X       X       X
  35 18   17 23   22 26   25 30   29 45
 35   18 17   23 22   26 25   30 29   45
X       X       X       X       X       X
34      31      36      39      42      46
34      31      36      39      42      46
X       X       X       X       X       X
 33   32 38   37 41   40 44   43 48   47
  33 32   38 37   41 40   44 43   48 47
    X       X       X       X       X
   52      49      53      56      59
   52      49      53      56      59
    X      X       X       X       X
    51   50 55   54 58   57 61   60
     51 50   55 54   58 57   61 60
      X        X       X       X
      65      62      66      69
      65      62      66      69
       X      X       X       X
       64   63 68   67 71   70
        64 63   68 67   71 70
          X       X       X